0.000000 0.000598 0.000598
0.050000 0.062224 0.064913
0.100000 0.177645 0.180634
0.150000 0.267364 0.275493
0.200000 0.347460 0.347101
0.250000 0.416079 0.417992
0.300000 0.477107 0.473521
0.350000 0.536222 0.528093
0.400000 0.569874 0.576151
0.450000 0.612194 0.622833
0.500000 0.650508 0.664017
0.550000 0.692349 0.696294
0.600000 0.732457 0.726300
0.650000 0.761566 0.763359
0.700000 0.794680 0.784160
0.750000 0.820921 0.818948
0.800000 0.851046 0.854453
0.850000 0.873401 0.870771
0.900000 0.901136 0.899462
0.950000 0.924806 0.921757
