0.000000 0.000273 0.000273
0.050000 0.255996 0.257767
0.100000 0.409517 0.415894
0.150000 0.523575 0.526246
0.200000 0.609206 0.604873
0.250000 0.671209 0.669083
0.300000 0.715796 0.717813
0.350000 0.755723 0.757222
0.400000 0.789409 0.787638
0.450000 0.816881 0.813583
0.500000 0.837267 0.834705
0.550000 0.853401 0.853074
0.600000 0.869754 0.870898
0.650000 0.882290 0.880328
0.700000 0.891775 0.891993
0.750000 0.900169 0.899651
0.800000 0.906683 0.905184
0.850000 0.911943 0.912270
0.900000 0.915322 0.915213
0.950000 0.917611 0.917611
