0.000000 0.030120 0.030120
0.050000 0.280120 0.183735
0.100000 0.448795 0.385542
0.150000 0.493976 0.472892
0.200000 0.569277 0.608434
0.250000 0.695783 0.608434
0.300000 0.756024 0.656627
0.350000 0.750000 0.728916
0.400000 0.753012 0.692771
0.450000 0.852410 0.813253
0.500000 0.879518 0.840361
0.550000 0.840361 0.870482
0.600000 0.894578 0.894578
0.650000 0.888554 0.876506
0.700000 0.915663 0.915663
0.750000 0.960843 0.945783
0.800000 0.972892 0.969880
0.850000 0.954819 0.918675
0.900000 0.975904 0.972892
0.950000 0.981928 0.987952
