0.000000 0.013627 0.013627
0.050000 0.256950 0.253052
0.100000 0.416549 0.414096
0.150000 0.523793 0.524338
0.200000 0.605827 0.610896
0.250000 0.670228 0.672381
0.300000 0.718058 0.720457
0.350000 0.756977 0.759811
0.400000 0.788237 0.788864
0.450000 0.818925 0.813801
0.500000 0.838330 0.837839
0.550000 0.854709 0.853101
0.600000 0.870626 0.867519
0.650000 0.880437 0.879620
0.700000 0.891420 0.891639
0.750000 0.901314 0.898343
0.800000 0.906737 0.906192
0.850000 0.910689 0.911289
0.900000 0.915540 0.915649
0.950000 0.917611 0.917448
