0.000000 0.001991 0.001991
0.050000 0.009956 0.014337
0.100000 0.026483 0.021705
0.150000 0.060335 0.054560
0.200000 0.109319 0.124054
0.250000 0.145759 0.177618
0.300000 0.167861 0.219235
0.350000 0.279570 0.268618
0.400000 0.329152 0.323576
0.450000 0.368578 0.366786
0.500000 0.432298 0.435086
0.550000 0.493429 0.464357
0.600000 0.543210 0.524890
0.650000 0.598367 0.612704
0.700000 0.644962 0.626643
0.750000 0.701115 0.696535
0.800000 0.765830 0.772401
0.850000 0.813023 0.825966
0.900000 0.869773 0.882915
0.950000 0.935484 0.933294
